match_index,Date,HomeTeam,AwayTeam,predicted,predicted_pct,fair_odds,max_bookie_odds,max_bookie,stake,profit,capital_after,pred_correct
3,2023-08-19,Genoa,Fiorentina,Away,0.6644865406880014,1.504921377285704,2.25,BWA,1.0,1.25,1.25,True
6,2023-08-20,Sassuolo,Atalanta,Away,0.6130426419443196,1.6312078990596977,2.18,PSA,1.0,1.1800000000000002,2.43,True
7,2023-08-20,Lecce,Lazio,Away,0.6022560662398164,1.6604232917793529,2.14,PSA,1.0,-1.0,1.43,False
8,2023-08-20,Udinese,Juventus,Away,0.6644232319095933,1.505064771931497,1.95,IWA,1.0,0.95,2.38,True
10,2023-08-21,Bologna,Milan,Away,0.6691956785333368,1.4943312278879035,2.01,PSA,1.0,1.0099999999999998,3.39,True
19,2023-08-28,Salernitana,Udinese,Home,0.4850067224124458,2.0618270918513333,2.8,PSH,1.0,-1.0,2.39,False
22,2023-09-01,Roma,Milan,Away,0.6429594095590232,1.5553081347481248,2.76,PSA,1.0,1.7599999999999998,4.15,True
28,2023-09-03,Torino,Genoa,Home,0.6089536245967526,1.6421611755118417,2.09,PSH,1.0,1.0899999999999999,5.24,True
42,2023-09-22,Lecce,Genoa,Home,0.5613245671668222,1.7815005052198367,2.49,PSH,1.0,1.4900000000000002,6.73,True
48,2023-09-24,Udinese,Fiorentina,Away,0.5433664809405937,1.840378519979649,2.37,PSA,1.0,1.37,8.1,True
50,2023-09-24,Torino,Roma,Home,0.4077288029001597,2.4526106394422897,3.1,B365H,1.0,-1.0,7.1,False
71,2023-10-06,Empoli,Udinese,Draw,0.3835292223051847,2.607363251200381,3.4,WHD,1.0,2.4,9.5,True
72,2023-10-06,Lecce,Sassuolo,Away,0.4518096623561889,2.213321412350937,2.8,PSA,1.0,-1.0,8.5,False
74,2023-10-07,Juventus,Torino,Home,0.6447518254642726,1.550984364068951,1.95,IWH,1.0,0.95,9.45,True
75,2023-10-07,Genoa,Milan,Away,0.7327411932351041,1.3647383404021949,1.95,BWA,1.0,0.95,10.4,True
78,2023-10-08,Lazio,Atalanta,Home,0.5252645397140158,1.9038026068625489,2.93,PSH,1.0,1.9300000000000002,12.33,True
83,2023-10-21,Sassuolo,Lazio,Away,0.6191375868058661,1.6151498815618754,2.57,PSA,1.0,1.5699999999999998,13.9,True
89,2023-10-23,Udinese,Lecce,Draw,0.4002702761837476,2.4983119144748613,3.3,B365D,1.0,2.3,16.2,True
93,2023-10-28,Lecce,Torino,Away,0.4895591653410445,2.042654025899738,2.94,PSA,1.0,1.94,18.14,True
100,2023-10-30,Lazio,Fiorentina,Home,0.5759667797230589,1.7362112455180632,2.31,PSH,1.0,1.31,19.45,True
101,2023-11-03,Bologna,Lazio,Home,0.4637110022529018,2.156515577895677,2.76,PSH,1.0,1.7599999999999998,21.21,True
103,2023-11-04,Atalanta,Inter,Away,0.6132707914178442,1.6306010558371151,2.2,IWA,1.0,1.2000000000000002,22.41,True
108,2023-11-05,Fiorentina,Juventus,Away,0.5398515754177078,1.852360992419545,2.58,PSA,1.0,1.58,23.99,True
119,2023-11-12,Lazio,Roma,Home,0.5612867456212439,1.781620549213538,3.0,B365H,1.0,-1.0,22.99,False
123,2023-11-25,Milan,Fiorentina,Home,0.6238343827919147,1.602989555536503,2.15,PSH,1.0,1.15,24.14,True
124,2023-11-26,Cagliari,Monza,Away,0.5136941856331542,1.946683509309044,2.63,PSA,1.0,-1.0,23.14,False
128,2023-11-26,Juventus,Inter,Home,0.4005570510656526,2.4965232726263924,3.5,PSH,1.0,-1.0,22.14,False
146,2023-12-10,Monza,Genoa,Home,0.5748886989317666,1.7394671383489653,2.21,PSH,1.0,1.21,23.35,True
147,2023-12-10,Salernitana,Bologna,Away,0.6093518465291812,1.6410879948849242,2.12,PSA,1.0,1.12,24.47,True
158,2023-12-17,Bologna,Roma,Home,0.5592408520429765,1.7881383242066016,2.46,PSH,1.0,1.46,25.93,True
166,2023-12-23,Bologna,Atalanta,Home,0.568879548874897,1.757841360227754,2.78,PSH,1.0,1.7799999999999998,27.71,True
170,2023-12-23,Roma,Napoli,Home,0.4215204872354558,2.372363930774765,3.05,PSH,1.0,2.05,29.76,True
172,2023-12-29,Fiorentina,Torino,Home,0.5764699371353814,1.7346958368189014,2.2,BWH,1.0,1.2000000000000002,30.96,True
180,2023-12-30,Juventus,Roma,Home,0.6096707228825342,1.6402296558902842,2.12,PSH,1.0,1.12,32.08,True
181,2024-01-05,Bologna,Genoa,Home,0.6624583583716762,1.5095288441344474,2.09,PSH,1.0,-1.0,31.08,False
183,2024-01-06,Frosinone,Monza,Away,0.4793486528387805,2.086164202356339,2.73,PSA,1.0,1.73,32.81,True
187,2024-01-07,Udinese,Lazio,Away,0.5692736688903387,1.7566243700490454,2.22,PSA,1.0,1.2200000000000002,34.03,True
190,2024-01-07,Roma,Atalanta,Home,0.5312658109792101,1.8822969205506292,2.42,PSH,1.0,-1.0,33.03,False
191,2024-01-13,Genoa,Torino,Away,0.4932622135287902,2.0273192889558995,2.72,PSA,1.0,-1.0,32.03,False
198,2024-01-14,Milan,Roma,Home,0.5782069441046407,1.7294845905880811,2.2,B365H,1.0,1.2000000000000002,33.23,True
204,2024-01-21,Empoli,Monza,Away,0.5062788197252246,1.9751961982978772,2.57,PSA,1.0,-1.0,32.23,False
205,2024-01-21,Salernitana,Genoa,Home,0.4280360925064075,2.3362515860389284,3.73,PSH,1.0,-1.0,31.23,False
213,2024-01-28,Verona,Frosinone,Home,0.524363020959469,1.9070757471993736,2.45,B365H,1.0,-1.0,30.23,False
234,2024-02-11,Genoa,Atalanta,Away,0.6549295811623614,1.5268817118097058,2.1,BWA,1.0,1.1,31.33,True
237,2024-02-14,Bologna,Fiorentina,Home,0.545014398026228,1.8348139124792011,2.41,PSH,1.0,1.4100000000000001,32.74,True
251,2024-02-24,Salernitana,Monza,Away,0.5520120734124231,1.8115545803522184,2.55,PSA,1.0,1.5499999999999998,34.29,True
256,2024-02-25,Milan,Atalanta,Home,0.5302981712361865,1.8857315643176444,2.41,PSH,1.0,-1.0,33.29,False
261,2024-03-01,Lazio,Milan,Home,0.3998067882012877,2.5012081573175733,3.67,PSH,1.0,-1.0,32.29,False
267,2024-03-03,Frosinone,Lecce,Away,0.4364730916290454,2.2910919806481247,3.3,B365A,1.0,-1.0,31.29,False
275,2024-03-09,Genoa,Monza,Away,0.3875252659061174,2.580476908161807,3.94,PSA,1.0,2.94,34.23,True
278,2024-03-10,Juventus,Atalanta,Home,0.5774441108360758,1.731769328380732,2.32,PSH,1.0,-1.0,33.23,False
280,2024-03-11,Lazio,Udinese,Home,0.6687237339821342,1.4953858360090988,1.95,BWH,1.0,-1.0,32.23,False
281,2024-03-15,Empoli,Bologna,Away,0.6770708031055129,1.476950409637089,2.08,PSA,1.0,1.08,33.31,True
293,2024-03-30,Lazio,Juventus,Home,0.4129141536464934,2.4218109046853504,3.23,PSH,1.0,2.23,35.54,True
304,2024-04-07,Frosinone,Bologna,Away,0.7510178901859623,1.3315262033936186,1.93,BWA,1.0,-1.0,34.54,False
329,2024-04-25,Udinese,Roma,Away,0.5931810341829079,1.685825982918478,2.3,PSA,1.0,1.2999999999999998,35.84,True
331,2024-04-27,Lecce,Monza,Away,0.4132291728185984,2.4199646728208744,4.12,PSA,1.0,-1.0,34.84,False
344,2024-05-05,Empoli,Frosinone,Home,0.5181328464776267,1.9300069601805887,2.43,PSH,1.0,-1.0,33.84,False
362,2024-05-18,Torino,Milan,Away,0.5960609408868766,1.6776808064492603,2.66,PSA,1.0,-1.0,32.84,False
365,2024-05-19,Monza,Frosinone,Home,0.588941609989416,1.6979611951989115,3.0,B365H,1.0,-1.0,31.84,False
371,2024-05-24,Genoa,Bologna,Away,0.5906165966561638,1.693145783003055,2.2,BWA,1.0,-1.0,30.84,False
374,2024-05-26,Atalanta,Torino,Home,0.587601698625252,1.7018330653903684,3.54,PSH,1.0,2.54,33.38,True
376,2024-05-26,Frosinone,Udinese,Away,0.404093220489721,2.4746765085246887,3.22,PSA,1.0,2.22,35.6,True
377,2024-05-26,Empoli,Roma,Away,0.4921026877580743,2.0320961963361928,3.64,PSA,1.0,-1.0,34.6,False
382,2024-08-17,Parma,Fiorentina,Away,0.6165626782251735,1.6218951216421051,2.25,PSA,1.0,-1.0,33.6,False
383,2024-08-17,Empoli,Monza,Away,0.4713325313090526,2.1216443457078085,3.14,PSA,1.0,-1.0,32.6,False
385,2024-08-18,Bologna,Udinese,Home,0.6515783489898898,1.5347348504600429,1.95,PSH,1.0,-1.0,31.6,False
389,2024-08-19,Lecce,Atalanta,Away,0.6867674688483278,1.456096925611439,1.88,PSA,1.0,0.8799999999999999,32.48,True
391,2024-08-24,Udinese,Lazio,Away,0.6526042924351158,1.5323221308714017,2.4,BFA,1.0,-1.0,31.48,False
399,2024-08-26,Cagliari,Como,Away,0.3608135524815866,2.771514520788498,3.66,PSA,1.0,-1.0,30.48,False
401,2024-08-30,Venezia,Torino,Away,0.5813244146487586,1.7202098773095724,2.23,PSA,1.0,1.23,31.71,True
411,2024-09-14,Como,Bologna,Away,0.6463712903098953,1.5470984169494308,2.57,PSA,1.0,-1.0,30.71,False
419,2024-09-16,Parma,Udinese,Away,0.5492735133585931,1.8205866033579343,3.3,BFA,1.0,2.3,33.01,True
421,2024-09-20,Cagliari,Empoli,Away,0.3628647892825247,2.755847438317872,3.72,PSA,1.0,2.72,35.73,True
422,2024-09-20,Verona,Torino,Away,0.5073934124886663,1.970857278369449,2.9,PSA,1.0,1.9,37.63,True
424,2024-09-21,Juventus,Napoli,Home,0.5545325083235697,1.803320788213376,2.26,PSH,1.0,-1.0,36.63,False
427,2024-09-22,Monza,Bologna,Away,0.5624945003407879,1.7777951595867143,2.43,PSA,1.0,1.4300000000000002,38.06,True
434,2024-09-28,Bologna,Atalanta,Home,0.5119179589902889,1.9534380117712768,3.1,BFH,1.0,-1.0,37.06,False
435,2024-09-29,Torino,Lazio,Home,0.5482961392759512,1.8238319192262475,2.91,PSH,1.0,-1.0,36.06,False
436,2024-09-29,Como,Verona,Away,0.3638643887152586,2.748276641005801,3.7,BFA,1.0,-1.0,35.06,False
440,2024-09-30,Parma,Cagliari,Away,0.4654626910202767,2.1483999024885057,3.45,PSA,1.0,2.45,37.51,True
442,2024-10-04,Verona,Venezia,Home,0.5627402696882579,1.7770187311350076,2.52,PSH,1.0,1.52,39.03,True
443,2024-10-05,Udinese,Lecce,Home,0.5676499063624676,1.7616491939689658,2.3,PSH,1.0,1.2999999999999998,40.33,True
456,2024-10-20,Lecce,Fiorentina,Away,0.5716400155915592,1.749352691772556,2.4,BWA,1.0,1.4,41.73,True
458,2024-10-20,Cagliari,Torino,Away,0.5326987965396427,1.8772334506777533,2.72,PSA,1.0,-1.0,40.73,False
461,2024-10-25,Udinese,Cagliari,Home,0.5521551612315988,1.811085126451539,2.3,WHH,1.0,1.2999999999999998,42.03,True
462,2024-10-25,Torino,Como,Home,0.6215204638059336,1.608957481265242,2.75,PSH,1.0,1.75,43.78,True
465,2024-10-27,Parma,Empoli,Away,0.4901262318496838,2.040290714957466,3.5,B365A,1.0,-1.0,42.78,False
469,2024-10-27,Fiorentina,Roma,Home,0.5178994715786631,1.930876656336019,2.63,BFH,1.0,1.63,44.41,True
470,2024-10-29,Cagliari,Bologna,Away,0.505308126919352,1.9789905341451228,2.5,BFA,1.0,1.5,45.91,True
472,2024-10-29,Milan,Napoli,Home,0.5332730043707367,1.87521211800324,2.59,PSH,1.0,-1.0,44.91,False
473,2024-10-30,Venezia,Udinese,Away,0.4873033538717364,2.0521098245164366,2.77,PSA,1.0,-1.0,43.91,False
478,2024-10-31,Como,Lazio,Away,0.6478766364913617,1.5435037222758892,2.52,PSA,1.0,1.52,45.43,True
481,2024-11-02,Udinese,Juventus,Away,0.6857199163150969,1.458321358629589,2.01,PSA,1.0,1.0099999999999998,46.44,True
490,2024-11-07,Genoa,Como,Home,0.4221490717259429,2.368831455465559,3.11,PSH,1.0,-1.0,45.44,False
491,2024-11-08,Lecce,Empoli,Away,0.4053251585426181,2.467155020911081,3.48,PSA,1.0,-1.0,44.44,False
504,2024-11-24,Como,Fiorentina,Away,0.7465537636660764,1.339488257469005,2.36,PSA,1.0,1.3599999999999999,45.8,True
511,2024-11-30,Como,Monza,Away,0.4029171486497619,2.481899823204735,3.98,PSA,1.0,-1.0,44.8,False
515,2024-12-01,Parma,Lazio,Away,0.6767903035621382,1.4775625400315548,1.88,BWA,1.0,-1.0,43.8,False
518,2024-12-02,Roma,Atalanta,Away,0.5817830369945419,1.7188538276501548,2.3,BWA,1.0,1.2999999999999998,45.1,True
529,2024-12-13,Empoli,Torino,Away,0.4316459410330152,2.31671354908794,3.15,PSA,1.0,2.15,47.25,True
535,2024-12-15,Parma,Verona,Away,0.3548920750602738,2.817758046105039,4.49,PSA,1.0,3.49,50.74,True
536,2024-12-15,Como,Roma,Away,0.5585593318055081,1.7903201021949853,2.29,PSA,1.0,-1.0,49.74,False
540,2024-12-21,Torino,Bologna,Home,0.3973448221945409,2.5167057531465646,3.43,PSH,1.0,-1.0,48.74,False
556,2024-12-29,Milan,Roma,Home,0.5980265201017345,1.6721666454355284,2.26,PSH,1.0,-1.0,47.74,False
566,2025-01-10,Lazio,Como,Home,0.719779595276536,1.3893141825113904,1.94,PSH,1.0,-1.0,46.74,False
573,2025-01-12,Bologna,Roma,Home,0.5514928873980524,1.8132600126866687,2.81,PSH,1.0,-1.0,45.74,False
589,2025-01-24,Torino,Cagliari,Home,0.5465783368171862,1.8295639117773332,2.3,WHH,1.0,1.2999999999999998,47.04,True
597,2025-01-27,Venezia,Verona,Away,0.363885746827955,2.7481153321259364,3.45,PSA,1.0,-1.0,46.04,False
603,2025-02-01,Bologna,Como,Home,0.6794310196796873,1.4718197595267912,1.91,BFH,1.0,0.9099999999999999,46.95,True
607,2025-02-02,Roma,Napoli,Away,0.5684812288081583,1.7590730341202938,2.46,PSA,1.0,-1.0,45.95,False
610,2025-02-07,Como,Juventus,Away,0.6229680329110837,1.6052188028446237,2.07,PSA,1.0,1.0699999999999998,47.02,True
617,2025-02-09,Lecce,Bologna,Away,0.6619915328631105,1.510593338973694,1.91,B365A,1.0,-1.0,46.02,False
622,2025-02-15,Lazio,Napoli,Away,0.466175028420038,2.1451170462502107,2.85,PSA,1.0,-1.0,45.02,False
624,2025-02-16,Fiorentina,Como,Home,0.6447561302185293,1.550974008825735,2.08,PSH,1.0,-1.0,44.02,False
627,2025-02-16,Parma,Roma,Away,0.670848272506451,1.4906500336711888,2.09,PSA,1.0,1.0899999999999999,45.11,True
635,2025-02-23,Como,Napoli,Away,0.6732331107444129,1.485369605327747,2.26,PSA,1.0,-1.0,44.11,False
640,2025-02-27,Bologna,Milan,Home,0.4806021761561496,2.080722996300158,2.91,PSH,1.0,1.9100000000000001,46.02,True
643,2025-03-01,Napoli,Inter,Home,0.381807702978245,2.619119499684319,3.31,PSH,1.0,-1.0,45.02,False
653,2025-03-08,Parma,Torino,Away,0.5563780459385216,1.7973390706190762,2.46,PSA,1.0,-1.0,44.02,False
658,2025-03-09,Empoli,Roma,Away,0.6367984031341872,1.5703556966823586,2.0,B365A,1.0,1.0,45.02,True
662,2025-03-15,Monza,Parma,Home,0.4356921955132067,2.295198331065097,3.1,B365H,1.0,-1.0,44.02,False
669,2025-03-16,Fiorentina,Juventus,Home,0.4212939114275518,2.3736398102965843,3.5,BFH,1.0,2.5,46.52,True
698,2025-04-13,Como,Torino,Away,0.4908864737981738,2.0371308915127013,4.34,PSA,1.0,-1.0,45.52,False
699,2025-04-13,Lazio,Roma,Home,0.4986317427944045,2.005488046941928,2.91,PSH,1.0,-1.0,44.52,False
705,2025-04-20,Bologna,Inter,Home,0.3844102136434889,2.601387696028867,3.5,BFH,1.0,2.5,47.02,True
710,2025-04-23,Torino,Udinese,Home,0.5439102147828571,1.8385387382349965,2.45,BFH,1.0,1.4500000000000002,48.47,True
721,2025-05-02,Torino,Venezia,Home,0.6436524281167162,1.5536335393403748,2.51,PSH,1.0,-1.0,47.47,False
739,2025-05-12,Venezia,Fiorentina,Away,0.6115505576169213,1.635187782179091,2.46,PSA,1.0,-1.0,46.47,False
744,2025-05-18,Monza,Empoli,Home,0.4076121025990867,2.4533128276212293,5.0,B365H,1.0,-1.0,45.47,False
745,2025-05-18,Lecce,Torino,Away,0.5095642366634487,1.9624611149084008,4.62,PSA,1.0,-1.0,44.47,False
748,2025-05-18,Fiorentina,Bologna,Home,0.4619763305015827,2.1646130634317724,2.82,PSH,1.0,1.8199999999999998,46.29,True
756,2025-05-25,Atalanta,Parma,Home,0.7348845902553564,1.3607578839726682,1.78,PSH,1.0,-1.0,45.29,False
